F1: -1.000000e+03
F2: +8.660254e+02
F3: -1.732051e+03
H2: +0.000000e+00
V2: +5.000000e+02
V3: +1.500000e+03
